%%MatrixMarket matrix coordinate real symmetric 
812 812 4496
1 1 25.8321
3 1 -23.7825
547 1 -2.02288
2 2 25.8321
4 2 -23.7825
548 2 -2.02288
1 3 -23.7825
3 3 46.4964
5 3 7.60906
547 3 -30.2118
2 4 -23.7825
4 4 46.4964
6 4 7.60906
548 4 -30.2118
3 5 7.60906
5 5 62.6405
7 5 8.18301
531 5 -19.5983
543 5 -44.6945
547 5 -13.696
4 6 7.60906
6 6 62.6405
8 6 8.18301
532 6 -19.5983
544 6 -44.6945
548 6 -13.696
5 7 8.18301
7 7 116.505
9 7 -5.28496
503 7 -30.6505
531 7 -66.9836
615 7 -19.7656
6 8 8.18301
8 8 116.505
10 8 -5.28496
504 8 -30.6505
532 8 -66.9836
616 8 -19.7656
7 9 -5.28496
9 9 42.0689
11 9 -19.9722
569 9 -7.21709
615 9 -7.74825
8 10 -5.28496
10 10 42.0689
12 10 -19.9722
570 10 -7.21709
616 10 -7.74825
9 11 -19.9722
11 11 30.051
569 11 -9.85511
10 12 -19.9722
12 12 30.051
570 12 -9.85511
13 13 48.3622
15 13 -22.6956
17 13 -20.8798
569 13 -4.62515
14 14 48.3622
16 14 -22.6956
18 14 -20.8798
570 14 -4.62515
13 15 -22.6956
15 15 36.7503
17 15 -14.0384
14 16 -22.6956
16 16 36.7503
18 16 -14.0384
13 17 -20.8798
15 17 -14.0384
17 17 87.2045
19 17 -16.2105
21 17 -16.3399
569 17 -11.4533
615 17 -7.11892
14 18 -20.8798
16 18 -14.0384
18 18 87.2045
20 18 -16.2105
22 18 -16.3399
570 18 -11.4533
616 18 -7.11892
17 19 -16.2105
19 19 23.9328
21 19 -7.63376
18 20 -16.2105
20 20 23.9328
22 20 -7.63376
17 21 -16.3399
19 21 -7.63376
21 21 100.373
23 21 -10.1419
561 21 -44.2602
609 21 0.144018
615 21 -20.195
18 22 -16.3399
20 22 -7.63376
22 22 100.373
24 22 -10.1419
562 22 -44.2602
610 22 0.144018
616 22 -20.195
21 23 -10.1419
23 23 23.8791
25 23 -9.07062
561 23 -4.406
22 24 -10.1419
24 24 23.8791
26 24 -9.07062
562 24 -4.406
23 25 -9.07062
25 25 34.3962
27 25 -17.5705
561 25 -7.546
24 26 -9.07062
26 26 34.3962
28 26 -17.5705
562 26 -7.546
25 27 -17.5705
27 27 99.4166
29 27 -43.3102
545 27 -14.6372
561 27 -23.5958
26 28 -17.5705
28 28 99.4166
30 28 -43.3102
546 28 -14.6372
562 28 -23.5958
27 29 -43.3102
29 29 92.0386
31 29 -20.3631
545 29 -17.8633
597 29 -9.6538
28 30 -43.3102
30 30 92.0386
32 30 -20.3631
546 30 -17.8633
598 30 -9.6538
29 31 -20.3631
31 31 24.279
597 31 -3.58537
30 32 -20.3631
32 32 24.279
598 32 -3.58537
33 33 106.783
35 33 -22.5092
47 33 -58.7843
519 33 -10.8456
597 33 -13.4303
605 33 3.32449
34 34 106.783
36 34 -22.5092
48 34 -58.7843
520 34 -10.8456
598 34 -13.4303
606 34 3.32449
33 35 -22.5092
35 35 96.7722
47 35 -19.5217
527 35 -60.8301
563 35 6.21628
34 36 -22.5092
36 36 96.7722
48 36 -19.5217
528 36 -60.8301
564 36 6.21628
37 37 82.1161
39 37 13.4637
45 37 -59.7659
559 37 -33.8252
563 37 -1.7037
38 38 82.1161
40 38 13.4637
46 38 -59.7659
560 38 -33.8252
564 38 -1.7037
37 39 13.4637
39 39 58.3194
41 39 -5.27898
43 39 -24.8234
559 39 -41.4111
38 40 13.4637
40 40 58.3194
42 40 -5.27898
44 40 -24.8234
560 40 -41.4111
39 41 -5.27898
41 41 28.8679
43 41 -23.57
40 42 -5.27898
42 42 28.8679
44 42 -23.57
39 43 -24.8234
41 43 -23.57
43 43 45.157
559 43 3.35694
40 44 -24.8234
42 44 -23.57
44 44 45.157
560 44 3.35694
37 45 -59.7659
45 45 68.8387
527 45 7.89249
559 45 2.16912
563 45 -18.9355
38 46 -59.7659
46 46 68.8387
528 46 7.89249
560 46 2.16912
564 46 -18.9355
33 47 -58.7843
35 47 -19.5217
47 47 100.14
519 47 -12.1024
527 47 12.2176
651 47 -9.91831
773 47 -10.7184
34 48 -58.7843
36 48 -19.5217
48 48 100.14
520 48 -12.1024
528 48 12.2176
652 48 -9.91831
774 48 -10.7184
49 49 64.4416
651 49 -9.6376
673 49 -5.35676
753 49 -4.16
755 49 -31.2326
773 49 -12.0229
50 50 64.4416
652 50 -9.6376
674 50 -5.35676
754 50 -4.16
756 50 -31.2326
774 50 -12.0229
51 51 41.9159
693 51 -3.37061
695 51 -7.76878
697 51 -21.6497
699 51 -5.51233
775 51 -0.94567
52 52 41.9159
694 52 -3.37061
696 52 -7.76878
698 52 -21.6497
700 52 -5.51233
776 52 -0.94567
53 53 70.1998
55 53 -29.179
539 53 -32.3502
667 53 -8.2523
54 54 70.1998
56 54 -29.179
540 54 -32.3502
668 54 -8.2523
53 55 -29.179
55 55 80.764
57 55 -13.8413
61 55 -4.05377
539 55 -32.7662
54 56 -29.179
56 56 80.764
58 56 -13.8413
62 56 -4.05377
540 56 -32.7662
55 57 -13.8413
57 57 48.682
59 57 -29.1854
61 57 -5.08017
56 58 -13.8413
58 58 48.682
60 58 -29.1854
62 58 -5.08017
57 59 -29.1854
59 59 43.6101
61 59 -14.3046
58 60 -29.1854
60 60 43.6101
62 60 -14.3046
55 61 -4.05377
57 61 -5.08017
59 61 -14.3046
61 61 81.9546
63 61 -20.223
67 61 -16.4934
539 61 -12.0311
617 61 -5.60466
56 62 -4.05377
58 62 -5.08017
60 62 -14.3046
62 62 81.9546
64 62 -20.223
68 62 -16.4934
540 62 -12.0311
618 62 -5.60466
61 63 -20.223
63 63 54.0617
65 63 -30.1758
67 63 -3.29875
62 64 -20.223
64 64 54.0617
66 64 -30.1758
68 64 -3.29875
63 65 -30.1758
65 65 40.144
67 65 -9.85405
64 66 -30.1758
66 66 40.144
68 66 -9.85405
61 67 -16.4934
63 67 -3.29875
65 67 -9.85405
67 67 41.4041
617 67 -10.4507
62 68 -16.4934
64 68 -3.29875
66 68 -9.85405
68 68 41.4041
618 68 -10.4507
69 69 32.8064
71 69 -14.0765
617 69 9.64244
619 69 -27.292
70 70 32.8064
72 70 -14.0765
618 70 9.64244
620 70 -27.292
69 71 -14.0765
71 71 88.7454
73 71 -40.7787
619 71 -31.7214
685 71 1.73464
70 72 -14.0765
72 72 88.7454
74 72 -40.7787
620 72 -31.7214
686 72 1.73464
71 73 -40.7787
73 73 59.7411
75 73 -1.13525
685 73 -14.0558
72 74 -40.7787
74 74 59.7411
76 74 -1.13525
686 74 -14.0558
73 75 -1.13525
75 75 45.8593
685 75 -18.9238
731 75 -1.10614
735 75 -20.3442
74 76 -1.13525
76 76 45.8593
686 76 -18.9238
732 76 -1.10614
736 76 -20.3442
77 77 48.1488
731 77 -1.44561
733 77 -9.85658
783 77 -11.3203
793 77 7.76135
797 77 -31.2276
78 78 48.1488
732 78 -1.44561
734 78 -9.85658
784 78 -11.3203
794 78 7.76135
798 78 -31.2276
79 79 90.4484
761 79 -11.8613
791 79 -3.93862
799 79 15.5042
801 79 -57.1021
805 79 -13.85
807 79 -8.62731
811 79 -9.28939
80 80 90.4484
762 80 -11.8613
792 80 -3.93862
800 80 15.5042
802 80 -57.1021
806 80 -13.85
808 80 -8.62731
812 80 -9.28939
81 81 49.9151
739 81 -7.36724
759 81 -15.6287
771 81 -5.18261
805 81 -9.00218
811 81 -11.5607
82 82 49.9151
740 82 -7.36724
760 82 -15.6287
772 82 -5.18261
806 82 -9.00218
812 82 -11.5607
83 83 54.6207
85 83 -18.452
163 83 -9.18325
739 83 -13.5495
771 83 -10.7285
84 84 54.6207
86 84 -18.452
164 84 -9.18325
740 84 -13.5495
772 84 -10.7285
83 85 -18.452
85 85 51.8703
87 85 -4.2363
89 85 -14.6521
161 85 -12.0443
163 85 -0.764254
84 86 -18.452
86 86 51.8703
88 86 -4.2363
90 86 -14.6521
162 86 -12.0443
164 86 -0.764254
85 87 -4.2363
87 87 14.026
89 87 -9.49889
86 88 -4.2363
88 88 14.026
90 88 -9.49889
85 89 -14.6521
87 89 -9.49889
89 89 80.3671
91 89 -11.9378
161 89 -43.2347
86 90 -14.6521
88 90 -9.49889
90 90 80.3671
92 90 -11.9378
162 90 -43.2347
89 91 -11.9378
91 91 62.7292
93 91 -16.6266
159 91 -18.1008
161 91 -13.6291
90 92 -11.9378
92 92 62.7292
94 92 -16.6266
160 92 -18.1008
162 92 -13.6291
91 93 -16.6266
93 93 47.6915
95 93 -2.86885
97 93 -9.24462
159 93 -17.4771
92 94 -16.6266
94 94 47.6915
96 94 -2.86885
98 94 -9.24462
160 94 -17.4771
93 95 -2.86885
95 95 55.4022
97 95 -52.4113
94 96 -2.86885
96 96 55.4022
98 96 -52.4113
93 97 -9.24462
95 97 -52.4113
97 97 113.056
99 97 -24.4705
159 97 -2.58836
551 97 -22.9169
94 98 -9.24462
96 98 -52.4113
98 98 113.056
100 98 -24.4705
160 98 -2.58836
552 98 -22.9169
97 99 -24.4705
99 99 61.8418
101 99 -14.0352
535 99 -0.803267
551 99 -21.7109
98 100 -24.4705
100 100 61.8418
102 100 -14.0352
536 100 -0.803267
552 100 -21.7109
99 101 -14.0352
101 101 56.316
103 101 7.20913
107 101 -3.7443
535 101 -15.9359
537 101 -29.0594
100 102 -14.0352
102 102 56.316
104 102 7.20913
108 102 -3.7443
536 102 -15.9359
538 102 -29.0594
101 103 7.20913
103 103 44.3589
105 103 -26.661
537 103 -24.7715
102 104 7.20913
104 104 44.3589
106 104 -26.661
538 104 -24.7715
103 105 -26.661
105 105 40.6999
107 105 5.39401
537 105 -19.2918
104 106 -26.661
106 106 40.6999
108 106 5.39401
538 106 -19.2918
101 107 -3.7443
105 107 5.39401
107 107 75.6342
109 107 -32.4922
535 107 -16.0519
537 107 -28.2517
102 108 -3.7443
106 108 5.39401
108 108 75.6342
110 108 -32.4922
536 108 -16.0519
538 108 -28.2517
107 109 -32.4922
109 109 83.5831
111 109 -3.73212
129 109 -36.4065
535 109 -10.4168
108 110 -32.4922
110 110 83.5831
112 110 -3.73212
130 110 -36.4065
536 110 -10.4168
109 111 -3.73212
111 111 55.3034
113 111 -6.98453
115 111 -4.56952
127 111 -33.6609
129 111 -5.44686
110 112 -3.73212
112 112 55.3034
114 112 -6.98453
116 112 -4.56952
128 112 -33.6609
130 112 -5.44686
111 113 -6.98453
113 113 20.7354
115 113 -13.6603
112 114 -6.98453
114 114 20.7354
116 114 -13.6603
111 115 -4.56952
113 115 -13.6603
115 115 57.9497
117 115 -21.6801
125 115 -4.04301
127 115 -13.5863
112 116 -4.56952
114 116 -13.6603
116 116 57.9497
118 116 -21.6801
126 116 -4.04301
128 116 -13.5863
115 117 -21.6801
117 117 58.7627
119 117 -6.67492
123 117 -10.1586
125 117 -19.754
116 118 -21.6801
118 118 58.7627
120 118 -6.67492
124 118 -10.1586
126 118 -19.754
117 119 -6.67492
119 119 27.4687
121 119 -22.7327
123 119 2.18946
118 120 -6.67492
120 120 27.4687
122 120 -22.7327
124 120 2.18946
119 121 -22.7327
121 121 53.4618
123 121 -30.6903
120 122 -22.7327
122 122 53.4618
124 122 -30.6903
117 123 -10.1586
119 123 2.18946
121 123 -30.6903
123 123 39.0993
125 123 0.0256997
118 124 -10.1586
120 124 2.18946
122 124 -30.6903
124 124 39.0993
126 124 0.0256997
115 125 -4.04301
117 125 -19.754
123 125 0.0256997
125 125 32.6072
127 125 -8.43226
116 126 -4.04301
118 126 -19.754
124 126 0.0256997
126 126 32.6072
128 126 -8.43226
111 127 -33.6609
115 127 -13.5863
125 127 -8.43226
127 127 55.6571
129 127 0.627962
112 128 -33.6609
116 128 -13.5863
126 128 -8.43226
128 128 55.6571
130 128 0.627962
109 129 -36.4065
111 129 -5.44686
127 129 0.627962
129 129 61.9382
131 129 -12.2448
535 129 -7.33786
110 130 -36.4065
112 130 -5.44686
128 130 0.627962
130 130 61.9382
132 130 -12.2448
536 130 -7.33786
129 131 -12.2448
131 131 36.2811
133 131 -15.4555
535 131 -7.88944
130 132 -12.2448
132 132 36.2811
134 132 -15.4555
536 132 -7.88944
131 133 -15.4555
133 133 57.7428
135 133 -31.7782
151 133 -0.121238
535 133 -8.70156
132 134 -15.4555
134 134 57.7428
136 134 -31.7782
152 134 -0.121238
536 134 -8.70156
133 135 -31.7782
135 135 54.5956
137 135 -20.5451
151 135 -1.82151
134 136 -31.7782
136 136 54.5956
138 136 -20.5451
152 136 -1.82151
135 137 -20.5451
137 137 77.8734
139 137 -21.756
151 137 -35.3232
136 138 -20.5451
138 138 77.8734
140 138 -21.756
152 138 -35.3232
137 139 -21.756
139 139 78.7685
141 139 -28.7783
151 139 -7.71294
549 139 -20.177
138 140 -21.756
140 140 78.7685
142 140 -28.7783
152 140 -7.71294
550 140 -20.177
139 141 -28.7783
141 141 37.8811
143 141 2.52879
549 141 -11.414
140 142 -28.7783
142 142 37.8811
144 142 2.52879
550 142 -11.414
141 143 2.52879
143 143 29.6997
145 143 -7.36366
549 143 -24.5364
142 144 2.52879
144 144 29.6997
146 144 -7.36366
550 144 -24.5364
143 145 -7.36366
145 145 48.4743
147 145 -37.3219
549 145 -3.54448
144 146 -7.36366
146 146 48.4743
148 146 -37.3219
550 146 -3.54448
145 147 -37.3219
147 147 58.4283
149 147 -21.4446
549 147 0.518897
146 148 -37.3219
148 148 58.4283
150 148 -21.4446
550 148 0.518897
147 149 -21.4446
149 149 45.3336
151 149 0.82531
549 149 -24.3
148 150 -21.4446
150 150 45.3336
152 150 0.82531
550 150 -24.3
133 151 -0.121238
135 151 -1.82151
137 151 -35.3232
139 151 -7.71294
149 151 0.82531
151 151 81.4636
153 151 -16.8392
535 151 -3.66126
549 151 -5.57801
551 151 -8.28666
134 152 -0.121238
136 152 -1.82151
138 152 -35.3232
140 152 -7.71294
150 152 0.82531
152 152 81.4636
154 152 -16.8392
536 152 -3.66126
550 152 -5.57801
552 152 -8.28666
151 153 -16.8392
153 153 63.1401
155 153 -27.391
551 153 -18.6446
152 154 -16.8392
154 154 63.1401
156 154 -27.391
552 154 -18.6446
153 155 -27.391
155 155 103.573
157 155 -41.3308
159 155 -12.4621
551 155 -21.8874
154 156 -27.391
156 156 103.573
158 156 -41.3308
160 156 -12.4621
552 156 -21.8874
155 157 -41.3308
157 157 44.8367
159 157 -3.39315
156 158 -41.3308
158 158 44.8367
160 158 -3.39315
91 159 -18.1008
93 159 -17.4771
97 159 -2.58836
155 159 -12.4621
157 159 -3.39315
159 159 49.6618
161 159 7.303
551 159 0.687604
92 160 -18.1008
94 160 -17.4771
98 160 -2.58836
156 160 -12.4621
158 160 -3.39315
160 160 49.6618
162 160 7.303
552 160 0.687604
85 161 -12.0443
89 161 -43.2347
91 161 -13.6291
159 161 7.303
161 161 94.1443
163 161 -30.0946
86 162 -12.0443
90 162 -43.2347
92 162 -13.6291
160 162 7.303
162 162 94.1443
164 162 -30.0946
83 163 -9.18325
85 163 -0.764254
161 163 -30.0946
163 163 90.0712
165 163 -21.8964
595 163 -6.22678
707 163 -10.7785
715 163 4.15116
739 163 -2.93985
84 164 -9.18325
86 164 -0.764254
162 164 -30.0946
164 164 90.0712
166 164 -21.8964
596 164 -6.22678
708 164 -10.7785
716 164 4.15116
740 164 -2.93985
163 165 -21.8964
165 165 56.6657
167 165 -25.8435
595 165 -6.21559
164 166 -21.8964
166 166 56.6657
168 166 -25.8435
596 166 -6.21559
165 167 -25.8435
167 167 57.1325
169 167 -23.3916
595 167 -5.94912
166 168 -25.8435
168 168 57.1325
170 168 -23.3916
596 168 -5.94912
167 169 -23.3916
169 169 98.227
171 169 2.35457
221 169 -15.3591
223 169 -56.7501
595 169 -3.24842
168 170 -23.3916
170 170 98.227
172 170 2.35457
222 170 -15.3591
224 170 -56.7501
596 170 -3.24842
169 171 2.35457
171 171 43.8584
173 171 -2.92282
219 171 -9.4498
221 171 -33.1846
170 172 2.35457
172 172 43.8584
174 172 -2.92282
220 172 -9.4498
222 172 -33.1846
171 173 -2.92282
173 173 43.8928
175 173 0.982082
217 173 -8.89451
219 173 -32.259
172 174 -2.92282
174 174 43.8928
176 174 0.982082
218 174 -8.89451
220 174 -32.259
173 175 0.982082
175 175 76.8634
177 175 -18.8934
213 175 -5.84056
217 175 -28.3858
541 175 -23.7982
174 176 0.982082
176 176 76.8634
178 176 -18.8934
214 176 -5.84056
218 176 -28.3858
542 176 -23.7982
175 177 -18.8934
177 177 75.5333
179 177 -18.167
181 177 -10.903
183 177 -3.38445
541 177 -23.7947
176 178 -18.8934
178 178 75.5333
180 178 -18.167
182 178 -10.903
184 178 -3.38445
542 178 -23.7947
177 179 -18.167
179 179 22.2382
181 179 -3.98327
178 180 -18.167
180 180 22.2382
182 180 -3.98327
177 181 -10.903
179 181 -3.98327
181 181 17.2191
183 181 -2.04653
178 182 -10.903
180 182 -3.98327
182 182 17.2191
184 182 -2.04653
177 183 -3.38445
181 183 -2.04653
183 183 87.6704
185 183 -6.86491
201 183 -8.15149
203 183 -10.0456
213 183 -4.33061
541 183 -48.925
178 184 -3.38445
182 184 -2.04653
184 184 87.6704
186 184 -6.86491
202 184 -8.15149
204 184 -10.0456
214 184 -4.33061
542 184 -48.925
183 185 -6.86491
185 185 43.0772
187 185 -15.7557
199 185 1.37833
201 185 -16.9173
184 186 -6.86491
186 186 43.0772
188 186 -15.7557
200 186 1.37833
202 186 -16.9173
185 187 -15.7557
187 187 46.1017
189 187 -11.8644
199 187 -16.3155
186 188 -15.7557
188 188 46.1017
190 188 -11.8644
200 188 -16.3155
187 189 -11.8644
189 189 39.1471
191 189 0.191784
197 189 -15.1449
199 189 -9.86714
188 190 -11.8644
190 190 39.1471
192 190 0.191784
198 190 -15.1449
200 190 -9.86714
189 191 0.191784
191 191 47.2453
193 191 -9.72703
195 191 -9.95147
197 191 -26.712
190 192 0.191784
192 192 47.2453
194 192 -9.72703
196 192 -9.95147
198 192 -26.712
191 193 -9.72703
193 193 60.1936
195 193 -50.4163
192 194 -9.72703
194 194 60.1936
196 194 -50.4163
191 195 -9.95147
193 195 -50.4163
195 195 57.8338
197 195 2.93279
192 196 -9.95147
194 196 -50.4163
196 196 57.8338
198 196 2.93279
189 197 -15.1449
191 197 -26.712
195 197 2.93279
197 197 46.8466
199 197 -5.99955
190 198 -15.1449
192 198 -26.712
196 198 2.93279
198 198 46.8466
200 198 -5.99955
185 199 1.37833
187 199 -16.3155
189 199 -9.86714
197 199 -5.99955
199 199 41.957
201 199 -5.86795
186 200 1.37833
188 200 -16.3155
190 200 -9.86714
198 200 -5.99955
200 200 41.957
202 200 -5.86795
183 201 -8.15149
185 201 -16.9173
199 201 -5.86795
201 201 48.0862
203 201 -12.4848
184 202 -8.15149
186 202 -16.9173
200 202 -5.86795
202 202 48.0862
204 202 -12.4848
183 203 -10.0456
201 203 -12.4848
203 203 45.9351
205 203 -5.51626
211 203 -8.03529
213 203 -6.02957
184 204 -10.0456
202 204 -12.4848
204 204 45.9351
206 204 -5.51626
212 204 -8.03529
214 204 -6.02957
203 205 -5.51626
205 205 53.785
207 205 -29.7202
209 205 -5.28394
211 205 -12.5747
204 206 -5.51626
206 206 53.785
208 206 -29.7202
210 206 -5.28394
212 206 -12.5747
205 207 -29.7202
207 207 61.2241
209 207 -31.4881
206 208 -29.7202
208 208 61.2241
210 208 -31.4881
205 209 -5.28394
207 209 -31.4881
209 209 51.0507
211 209 -14.1588
206 210 -5.28394
208 210 -31.4881
210 210 51.0507
212 210 -14.1588
203 211 -8.03529
205 211 -12.5747
209 211 -14.1588
211 211 44.0253
213 211 -7.37916
204 212 -8.03529
206 212 -12.5747
210 212 -14.1588
212 212 44.0253
214 212 -7.37916
175 213 -5.84056
183 213 -4.33061
203 213 -6.02957
211 213 -7.37916
213 213 53.894
215 213 -0.768008
217 213 -7.1654
541 213 -19.0967
176 214 -5.84056
184 214 -4.33061
204 214 -6.02957
212 214 -7.37916
214 214 53.894
216 214 -0.768008
218 214 -7.1654
542 214 -19.0967
213 215 -0.768008
215 215 17.9344
217 215 -16.7965
214 216 -0.768008
216 216 17.9344
218 216 -16.7965
173 217 -8.89451
175 217 -28.3858
213 217 -7.1654
215 217 -16.7965
217 217 67.8823
219 217 -5.32485
174 218 -8.89451
176 218 -28.3858
214 218 -7.1654
216 218 -16.7965
218 218 67.8823
220 218 -5.32485
171 219 -9.4498
173 219 -32.259
217 219 -5.32485
219 219 48.9348
221 219 -1.24077
172 220 -9.4498
174 220 -32.259
218 220 -5.32485
220 220 48.9348
222 220 -1.24077
169 221 -15.3591
171 221 -33.1846
219 221 -1.24077
221 221 50.6398
223 221 -0.185848
170 222 -15.3591
172 222 -33.1846
220 222 -1.24077
222 222 50.6398
224 222 -0.185848
169 223 -56.7501
221 223 -0.185848
223 223 76.5539
225 223 -8.83178
595 223 -8.74931
170 224 -56.7501
222 224 -0.185848
224 224 76.5539
226 224 -8.83178
596 224 -8.74931
223 225 -8.83178
225 225 72.8282
227 225 -1.77714
513 225 -16.6334
515 225 -25.853
555 225 -3.55728
595 225 -12.4101
224 226 -8.83178
226 226 72.8282
228 226 -1.77714
514 226 -16.6334
516 226 -25.853
556 226 -3.55728
596 226 -12.4101
225 227 -1.77714
227 227 36.2952
229 227 -2.05474
513 227 -9.70318
641 227 -21.5945
226 228 -1.77714
228 228 36.2952
230 228 -2.05474
514 228 -9.70318
642 228 -21.5945
227 229 -2.05474
229 229 83.9978
231 229 -19.0091
509 229 -37.2888
511 229 -21.688
641 229 -2.76267
228 230 -2.05474
230 230 83.9978
232 230 -19.0091
510 230 -37.2888
512 230 -21.688
642 230 -2.76267
229 231 -19.0091
231 231 48.4617
233 231 -11.4828
243 231 -18.5957
509 231 4.74541
230 232 -19.0091
232 232 48.4617
234 232 -11.4828
244 232 -18.5957
510 232 4.74541
231 233 -11.4828
233 233 49.06
235 233 -10.8866
241 233 -14.8773
243 233 -4.86953
232 234 -11.4828
234 234 49.06
236 234 -10.8866
242 234 -14.8773
244 234 -4.86953
233 235 -10.8866
235 235 36.7215
237 235 -2.32373
239 235 -4.99492
241 235 -16.7349
234 236 -10.8866
236 236 36.7215
238 236 -2.32373
240 236 -4.99492
242 236 -16.7349
235 237 -2.32373
237 237 27.9469
239 237 -25.3015
236 238 -2.32373
238 238 27.9469
240 238 -25.3015
235 239 -4.99492
237 239 -25.3015
239 239 47.0195
241 239 -15.9298
236 240 -4.99492
238 240 -25.3015
240 240 47.0195
242 240 -15.9298
233 241 -14.8773
235 241 -16.7349
239 241 -15.9298
241 241 52.2164
243 241 0.451382
234 242 -14.8773
236 242 -16.7349
240 242 -15.9298
242 242 52.2164
244 242 0.451382
231 243 -18.5957
233 243 -4.86953
241 243 0.451382
243 243 59.512
245 243 -17.6751
509 243 -10.6303
232 244 -18.5957
234 244 -4.86953
242 244 0.451382
244 244 59.512
246 244 -17.6751
510 244 -10.6303
243 245 -17.6751
245 245 43.3624
247 245 -8.4102
507 245 -8.89384
509 245 -6.6585
244 246 -17.6751
246 246 43.3624
248 246 -8.4102
508 246 -8.89384
510 246 -6.6585
245 247 -8.4102
247 247 101.329
507 247 -57.84
573 247 -7.45837
627 247 6.39269
633 247 0.916263
637 247 -34.5518
246 248 -8.4102
248 248 101.329
508 248 -57.84
574 248 -7.45837
628 248 6.39269
634 248 0.916263
638 248 -34.5518
249 249 81.5725
251 249 -9.42012
281 249 -28.3042
587 249 -15.3196
627 249 6.86302
635 249 -33.4601
250 250 81.5725
252 250 -9.42012
282 250 -28.3042
588 250 -15.3196
628 250 6.86302
636 250 -33.4601
249 251 -9.42012
251 251 50.9161
253 251 -27.2563
587 251 -11.2319
250 252 -9.42012
252 252 50.9161
254 252 -27.2563
588 252 -11.2319
251 253 -27.2563
253 253 83.5847
255 253 -51.8302
587 253 -1.60073
252 254 -27.2563
254 254 83.5847
256 254 -51.8302
588 254 -1.60073
253 255 -51.8302
255 255 88.7248
257 255 -27.2113
587 255 3.41491
621 255 -6.14411
254 256 -51.8302
256 256 88.7248
258 256 -27.2113
588 256 3.41491
622 256 -6.14411
255 257 -27.2113
257 257 53.1834
259 257 -16.0088
621 257 -7.04125
256 258 -27.2113
258 258 53.1834
260 258 -16.0088
622 258 -7.04125
257 259 -16.0088
259 259 49.0922
261 259 -24.5677
621 259 -6.14302
258 260 -16.0088
260 260 49.0922
262 260 -24.5677
622 260 -6.14302
259 261 -24.5677
261 261 46.085
263 261 -9.95125
621 261 -9.30587
260 262 -24.5677
262 262 46.085
264 262 -9.95125
622 262 -9.30587
261 263 -9.95125
263 263 39.5648
265 263 -12.2986
621 263 -14.1486
262 264 -9.95125
264 264 39.5648
266 264 -12.2986
622 264 -14.1486
263 265 -12.2986
265 265 54.6813
267 265 -28.7399
621 265 -10.2602
264 266 -12.2986
266 266 54.6813
268 266 -28.7399
622 266 -10.2602
265 267 -28.7399
267 267 59.6329
269 267 -18.6931
525 267 -8.42451
621 267 3.62528
266 268 -28.7399
268 268 59.6329
270 268 -18.6931
526 268 -8.42451
622 268 3.62528
267 269 -18.6931
269 269 50.3375
271 269 -22.38
525 269 -4.57653
268 270 -18.6931
270 270 50.3375
272 270 -22.38
526 270 -4.57653
269 271 -22.38
271 271 56.1739
273 271 -25.2217
525 271 -4.38244
270 272 -22.38
272 272 56.1739
274 272 -25.2217
526 272 -4.38244
271 273 -25.2217
273 273 57.0563
275 273 -25.5984
525 273 -2.38964
272 274 -25.2217
274 274 57.0563
276 274 -25.5984
526 274 -2.38964
273 275 -25.5984
275 275 64.0192
277 275 -29.6686
525 275 -6.69546
587 275 3.2526
274 276 -25.5984
276 276 64.0192
278 276 -29.6686
526 276 -6.69546
588 276 3.2526
275 277 -29.6686
277 277 64.6724
279 277 -26.1763
587 277 -6.80866
276 278 -29.6686
278 278 64.6724
280 278 -26.1763
588 278 -6.80866
277 279 -26.1763
279 279 49.4947
281 279 -9.2972
587 279 -12.2071
278 280 -26.1763
280 280 49.4947
282 280 -9.2972
588 280 -12.2071
249 281 -28.3042
279 281 -9.2972
281 281 70.8757
587 281 -10.6115
631 281 -12.2674
635 281 -8.87276
250 282 -28.3042
280 282 -9.2972
282 282 70.8757
588 282 -10.6115
632 282 -12.2674
636 282 -8.87276
283 283 74.3095
285 283 6.39589
505 283 -26.338
555 283 -13.4569
599 283 -28.6098
649 283 -10.3708
284 284 74.3095
286 284 6.39589
506 284 -26.338
556 284 -13.4569
600 284 -28.6098
650 284 -10.3708
283 285 6.39589
285 285 45.9472
287 285 -29.7423
599 285 -21.4042
284 286 6.39589
286 286 45.9472
288 286 -29.7423
600 286 -21.4042
285 287 -29.7423
287 287 81.8906
289 287 -31.3147
571 287 -14.6422
599 287 -4.81953
286 288 -29.7423
288 288 81.8906
290 288 -31.3147
572 288 -14.6422
600 288 -4.81953
287 289 -31.3147
289 289 84.3979
291 289 -32.8064
305 289 -0.768004
571 289 -18.0466
288 290 -31.3147
290 290 84.3979
292 290 -32.8064
306 290 -0.768004
572 290 -18.0466
289 291 -32.8064
291 291 74.8161
293 291 0.0795367
301 291 0.898561
305 291 -40.7099
290 292 -32.8064
292 292 74.8161
294 292 0.0795367
302 292 0.898561
306 292 -40.7099
291 293 0.0795367
293 293 59.8111
295 293 -12.5809
299 293 1.69825
301 293 -47.6816
292 294 0.0795367
294 294 59.8111
296 294 -12.5809
300 294 1.69825
302 294 -47.6816
293 295 -12.5809
295 295 46.3147
297 295 -13.5552
299 295 -20.0296
294 296 -12.5809
296 296 46.3147
298 296 -13.5552
300 296 -20.0296
295 297 -13.5552
297 297 29.1901
299 297 -15.6049
296 298 -13.5552
298 298 29.1901
300 298 -15.6049
293 299 1.69825
295 299 -20.0296
297 299 -15.6049
299 299 40.0117
301 299 -5.6426
294 300 1.69825
296 300 -20.0296
298 300 -15.6049
300 300 40.0117
302 300 -5.6426
291 301 0.898561
293 301 -47.6816
299 301 -5.6426
301 301 84.4904
303 301 -20.5889
305 301 -8.48407
292 302 0.898561
294 302 -47.6816
300 302 -5.6426
302 302 84.4904
304 302 -20.5889
306 302 -8.48407
301 303 -20.5889
303 303 28.8601
305 303 -7.55045
302 304 -20.5889
304 304 28.8601
306 304 -7.55045
289 305 -0.768004
291 305 -40.7099
301 305 -8.48407
303 305 -7.55045
305 305 83.5112
307 305 -11.4059
309 305 -11.7714
571 305 2.34443
290 306 -0.768004
292 306 -40.7099
302 306 -8.48407
304 306 -7.55045
306 306 83.5112
308 306 -11.4059
310 306 -11.7714
572 306 2.34443
305 307 -11.4059
307 307 18.9005
309 307 -6.72335
306 308 -11.4059
308 308 18.9005
310 308 -6.72335
305 309 -11.7714
307 309 -6.72335
309 309 69.8632
311 309 -5.90915
313 309 -19.6514
571 309 -21.754
306 310 -11.7714
308 310 -6.72335
310 310 69.8632
312 310 -5.90915
314 310 -19.6514
572 310 -21.754
309 311 -5.90915
311 311 14.2248
313 311 -7.53203
310 312 -5.90915
312 312 14.2248
314 312 -7.53203
309 313 -19.6514
311 313 -7.53203
313 313 87.5111
315 313 4.84072
327 313 -8.86012
329 313 -11.3949
331 313 -11.6326
523 313 -4.63993
571 313 -7.70621
709 313 -9.68403
310 314 -19.6514
312 314 -7.53203
314 314 87.5111
316 314 4.84072
328 314 -8.86012
330 314 -11.3949
332 314 -11.6326
524 314 -4.63993
572 314 -7.70621
710 314 -9.68403
313 315 4.84072
315 315 50.8429
317 315 -3.99344
325 315 -28.5087
327 315 -21.9171
314 316 4.84072
316 316 50.8429
318 316 -3.99344
326 316 -28.5087
328 316 -21.9171
315 317 -3.99344
317 317 30.4776
319 317 1.4699
323 317 -21.7314
325 317 -5.78197
316 318 -3.99344
318 318 30.4776
320 318 1.4699
324 318 -21.7314
326 318 -5.78197
317 319 1.4699
319 319 24.8274
321 319 -9.66495
323 319 -16.4054
318 320 1.4699
320 320 24.8274
322 320 -9.66495
324 320 -16.4054
319 321 -9.66495
321 321 14.2346
323 321 -4.47271
320 322 -9.66495
322 322 14.2346
324 322 -4.47271
317 323 -21.7314
319 323 -16.4054
321 323 -4.47271
323 323 51.8617
325 323 -8.89043
318 324 -21.7314
320 324 -16.4054
322 324 -4.47271
324 324 51.8617
326 324 -8.89043
315 325 -28.5087
317 325 -5.78197
323 325 -8.89043
325 325 53.5942
327 325 -9.89413
316 326 -28.5087
318 326 -5.78197
324 326 -8.89043
326 326 53.5942
328 326 -9.89413
313 327 -8.86012
315 327 -21.9171
325 327 -9.89413
327 327 72.8952
329 327 -30.6722
314 328 -8.86012
316 328 -21.9171
326 328 -9.89413
328 328 72.8952
330 328 -30.6722
313 329 -11.3949
327 329 -30.6722
329 329 63.2944
331 329 -20.1357
314 330 -11.3949
328 330 -30.6722
330 330 63.2944
332 330 -20.1357
313 331 -11.6326
329 331 -20.1357
331 331 57.1048
333 331 -17.5831
709 331 -4.3311
314 332 -11.6326
330 332 -20.1357
332 332 57.1048
334 332 -17.5831
710 332 -4.3311
331 333 -17.5831
333 333 53.116
335 333 -4.21752
657 333 -18.0333
709 333 -10.9769
332 334 -17.5831
334 334 53.116
336 334 -4.21752
658 334 -18.0333
710 334 -10.9769
333 335 -4.21752
335 335 84.5818
337 335 10.1426
461 335 -31.3733
463 335 -35.0277
657 335 -15.0909
659 335 -6.6801
334 336 -4.21752
336 336 84.5818
338 336 10.1426
462 336 -31.3733
464 336 -35.0277
658 336 -15.0909
660 336 -6.6801
335 337 10.1426
337 337 67.772
339 337 -4.86635
459 337 -51.3228
461 337 -19.4265
336 338 10.1426
338 338 67.772
340 338 -4.86635
460 338 -51.3228
462 338 -19.4265
337 339 -4.86635
339 339 69.2409
341 339 -3.02296
343 339 -38.6512
457 339 -24.3273
459 339 4.44009
338 340 -4.86635
340 340 69.2409
342 340 -3.02296
344 340 -38.6512
458 340 -24.3273
460 340 4.44009
339 341 -3.02296
341 341 32.0342
343 341 -28.9623
340 342 -3.02296
342 342 32.0342
344 342 -28.9623
339 343 -38.6512
341 343 -28.9623
343 343 98.5156
345 343 -8.04219
453 343 -6.08586
457 343 4.79923
603 343 -19.2898
340 344 -38.6512
342 344 -28.9623
344 344 98.5156
346 344 -8.04219
454 344 -6.08586
458 344 4.79923
604 344 -19.2898
343 345 -8.04219
345 345 71.7225
347 345 -24.093
603 345 -28.033
625 345 -8.4958
344 346 -8.04219
346 346 71.7225
348 346 -24.093
604 346 -28.033
626 346 -8.4958
345 347 -24.093
347 347 57.0696
349 347 -12.0863
591 347 -10.5116
625 347 -5.15939
346 348 -24.093
348 348 57.0696
350 348 -12.0863
592 348 -10.5116
626 348 -5.15939
347 349 -12.0863
349 349 33.4117
351 349 -10.204
591 349 -8.89245
348 350 -12.0863
350 350 33.4117
352 350 -10.204
592 350 -8.89245
349 351 -10.204
351 351 49.6597
353 351 -29.2273
591 351 -8.90313
350 352 -10.204
352 352 49.6597
354 352 -29.2273
592 352 -8.90313
351 353 -29.2273
353 353 52.0529
355 353 -10.7354
591 353 -10.7348
352 354 -29.2273
354 354 52.0529
356 354 -10.7354
592 354 -10.7348
353 355 -10.7354
355 355 62.0035
357 355 -43.6252
591 355 -6.18754
354 356 -10.7354
356 356 62.0035
358 356 -43.6252
592 356 -6.18754
355 357 -43.6252
357 357 80.9508
359 357 2.89668
361 357 -21.1631
365 357 -9.25349
591 357 -7.30451
356 358 -43.6252
358 358 80.9508
360 358 2.89668
362 358 -21.1631
366 358 -9.25349
592 358 -7.30451
357 359 2.89668
359 359 38.9007
361 359 -41.6458
358 360 2.89668
360 360 38.9007
362 360 -41.6458
357 361 -21.1631
359 361 -41.6458
361 361 112.613
363 361 -29.5552
365 361 -19.759
358 362 -21.1631
360 362 -41.6458
362 362 112.613
364 362 -29.5552
366 362 -19.759
361 363 -29.5552
363 363 45.5084
365 363 -15.903
362 364 -29.5552
364 364 45.5084
366 364 -15.903
357 365 -9.25349
361 365 -19.759
363 365 -15.903
365 365 111.741
367 365 -37.7357
575 365 -29.9601
591 365 4.27038
358 366 -9.25349
362 366 -19.759
364 366 -15.903
366 366 111.741
368 366 -37.7357
576 366 -29.9601
592 366 4.27038
365 367 -37.7357
367 367 87.4224
369 367 -22.283
371 367 -14.1603
575 367 -12.5207
366 368 -37.7357
368 368 87.4224
370 368 -22.283
372 368 -14.1603
576 368 -12.5207
367 369 -22.283
369 369 38.5324
371 369 -16.148
368 370 -22.283
370 370 38.5324
372 370 -16.148
367 371 -14.1603
369 371 -16.148
371 371 88.3104
373 371 -29.4124
375 371 -7.52153
575 371 -7.75084
593 371 -9.15484
368 372 -14.1603
370 372 -16.148
372 372 88.3104
374 372 -29.4124
376 372 -7.52153
576 372 -7.75084
594 372 -9.15484
371 373 -29.4124
373 373 72.6009
375 373 -43.1008
372 374 -29.4124
374 374 72.6009
376 374 -43.1008
371 375 -7.52153
373 375 -43.1008
375 375 119.571
377 375 -39.8484
565 375 -19.5609
593 375 -0.526878
611 375 -4.58637
372 376 -7.52153
374 376 -43.1008
376 376 119.571
378 376 -39.8484
566 376 -19.5609
594 376 -0.526878
612 376 -4.58637
375 377 -39.8484
377 377 108.793
379 377 10.3139
383 377 1.21904
533 377 -68.5536
565 377 -11.1758
376 378 -39.8484
378 378 108.793
380 378 10.3139
384 378 1.21904
534 378 -68.5536
566 378 -11.1758
377 379 10.3139
379 379 35.8711
381 379 -17.8005
533 379 -28.3373
378 380 10.3139
380 380 35.8711
382 380 -17.8005
534 380 -28.3373
379 381 -17.8005
381 381 58.4007
383 381 -1.87782
533 381 -38.5694
380 382 -17.8005
382 382 58.4007
384 382 -1.87782
534 382 -38.5694
377 383 1.21904
381 383 -1.87782
383 383 60.6356
385 383 -26.0851
533 383 -9.28344
565 383 -23.6292
378 384 1.21904
382 384 -1.87782
384 384 60.6356
386 384 -26.0851
534 384 -9.28344
566 384 -23.6292
383 385 -26.0851
385 385 56.4639
387 385 -23.1028
565 385 -6.38987
384 386 -26.0851
386 386 56.4639
388 386 -23.1028
566 386 -6.38987
385 387 -23.1028
387 387 64.0763
389 387 -17.9144
391 387 -15.8027
393 387 -7.72044
565 387 2.74613
386 388 -23.1028
388 388 64.0763
390 388 -17.9144
392 388 -15.8027
394 388 -7.72044
566 388 2.74613
387 389 -17.9144
389 389 38.0602
391 389 -20.0894
388 390 -17.9144
390 390 38.0602
392 390 -20.0894
387 391 -15.8027
389 391 -20.0894
391 391 49.4833
393 391 -13.2647
388 392 -15.8027
390 392 -20.0894
392 392 49.4833
394 392 -13.2647
387 393 -7.72044
391 393 -13.2647
393 393 60.8341
395 393 -38.2325
565 393 0.436347
388 394 -7.72044
392 394 -13.2647
394 394 60.8341
396 394 -38.2325
566 394 0.436347
393 395 -38.2325
395 395 82.3048
565 395 -18.9562
581 395 -26.0175
611 395 3.78894
394 396 -38.2325
396 396 82.3048
566 396 -18.9562
582 396 -26.0175
612 396 3.78894
397 397 27.6159
399 397 -19.7909
585 397 -7.71482
398 398 27.6159
400 398 -19.7909
586 398 -7.71482
397 399 -19.7909
399 399 75.8492
401 399 -12.4953
403 399 -18.2734
585 399 -15.8292
611 399 -8.49885
398 400 -19.7909
400 400 75.8492
402 400 -12.4953
404 400 -18.2734
586 400 -15.8292
612 400 -8.49885
399 401 -12.4953
401 401 23.4745
403 401 -10.9071
400 402 -12.4953
402 402 23.4745
404 402 -10.9071
399 403 -18.2734
401 403 -10.9071
403 403 80.1843
405 403 -7.87422
407 403 -9.82247
409 403 -21.5965
611 403 -10.8118
400 404 -18.2734
402 404 -10.9071
404 404 80.1843
406 404 -7.87422
408 404 -9.82247
410 404 -21.5965
612 404 -10.8118
403 405 -7.87422
405 405 21.6949
407 405 -13.7711
404 406 -7.87422
406 406 21.6949
408 406 -13.7711
403 407 -9.82247
405 407 -13.7711
407 407 31.1313
409 407 -7.37375
404 408 -9.82247
406 408 -13.7711
408 408 31.1313
410 408 -7.37375
403 409 -21.5965
407 409 -7.37375
409 409 74.6333
411 409 -33.0896
593 409 -2.98531
611 409 -7.85631
404 410 -21.5965
408 410 -7.37375
410 410 74.6333
412 410 -33.0896
594 410 -2.98531
612 410 -7.85631
409 411 -33.0896
411 411 105.483
413 411 -50.5178
583 411 -9.21732
593 411 -11.0166
410 412 -33.0896
412 412 105.483
414 412 -50.5178
584 412 -9.21732
594 412 -11.0166
411 413 -50.5178
413 413 95.0259
415 413 -7.13843
419 413 -23.3211
567 413 -3.92868
583 413 -8.16951
412 414 -50.5178
414 414 95.0259
416 414 -7.13843
420 414 -23.3211
568 414 -3.92868
584 414 -8.16951
413 415 -7.13843
415 415 24.5748
417 415 -14.3062
419 415 -2.88344
414 416 -7.13843
416 416 24.5748
418 416 -14.3062
420 416 -2.88344
415 417 -14.3062
417 417 35.3091
419 417 -20.9474
416 418 -14.3062
418 418 35.3091
420 418 -20.9474
413 419 -23.3211
415 419 -2.88344
417 419 -20.9474
419 419 97.16
421 419 -17.0533
423 419 -35.0228
567 419 3.15662
414 420 -23.3211
416 420 -2.88344
418 420 -20.9474
420 420 97.16
422 420 -17.0533
424 420 -35.0228
568 420 3.15662
419 421 -17.0533
421 421 24.7816
423 421 -7.67012
420 422 -17.0533
422 422 24.7816
424 422 -7.67012
419 423 -35.0228
421 423 -7.67012
423 423 109.442
425 423 -50.518
567 423 -15.8293
420 424 -35.0228
422 424 -7.67012
424 424 109.442
426 424 -50.518
568 424 -15.8293
423 425 -50.518
425 425 99.8634
427 425 -20.8532
429 425 -9.27659
567 425 -17.4598
424 426 -50.518
426 426 99.8634
428 426 -20.8532
430 426 -9.27659
568 426 -17.4598
425 427 -20.8532
427 427 23.552
429 427 -2.01311
426 428 -20.8532
428 428 23.552
430 428 -2.01311
425 429 -9.27659
427 429 -2.01311
429 429 65.0983
431 429 -25.1185
567 429 -4.40783
607 429 -21.3023
426 430 -9.27659
428 430 -2.01311
430 430 65.0983
432 430 -25.1185
568 430 -4.40783
608 430 -21.3023
429 431 -25.1185
431 431 42.3116
433 431 -14.1381
607 431 -2.48583
430 432 -25.1185
432 432 42.3116
434 432 -14.1381
608 432 -2.48583
431 433 -14.1381
433 433 41.3879
435 433 -14.1463
607 433 -12.419
432 434 -14.1381
434 434 41.3879
436 434 -14.1463
608 434 -12.419
433 435 -14.1463
435 435 33.1381
437 435 -5.65395
607 435 -12.087
434 436 -14.1463
436 436 33.1381
438 436 -5.65395
608 436 -12.087
435 437 -5.65395
437 437 43.443
439 437 -14.1136
607 437 -21.1261
436 438 -5.65395
438 438 43.443
440 438 -14.1136
608 438 -21.1261
437 439 -14.1136
439 439 62.7968
441 439 -1.28252
567 439 -3.14407
607 439 -4.24249
623 439 -21.2653
438 440 -14.1136
440 440 62.7968
442 440 -1.28252
568 440 -3.14407
608 440 -4.24249
624 440 -21.2653
439 441 -1.28252
441 441 69.4193
443 441 -10.7191
445 441 -34.5245
623 441 -13.2951
440 442 -1.28252
442 442 69.4193
444 442 -10.7191
446 442 -34.5245
624 442 -13.2951
441 443 -10.7191
443 443 35.5601
445 443 -24.6206
442 444 -10.7191
444 444 35.5601
446 444 -24.6206
441 445 -34.5245
443 445 -24.6206
445 445 75.9783
447 445 -11.6388
623 445 2.75025
442 446 -34.5245
444 446 -24.6206
446 446 75.9783
448 446 -11.6388
624 446 2.75025
445 447 -11.6388
447 447 100.526
449 447 -31.1542
577 447 -43.0574
623 447 -7.81794
446 448 -11.6388
448 448 100.526
450 448 -31.1542
578 448 -43.0574
624 448 -7.81794
447 449 -31.1542
449 449 46.2963
451 449 -12.0101
577 449 -2.69692
448 450 -31.1542
450 450 46.2963
452 450 -12.0101
578 450 -2.69692
449 451 -12.0101
451 451 61.0396
453 451 -24.7265
577 451 -13.1222
603 451 -10.1459
450 452 -12.0101
452 452 61.0396
454 452 -24.7265
578 452 -13.1222
604 452 -10.1459
343 453 -6.08586
451 453 -24.7265
453 453 86.0734
455 453 -30.6656
457 453 -14.4064
603 453 -8.3569
344 454 -6.08586
452 454 -24.7265
454 454 86.0734
456 454 -30.6656
458 454 -14.4064
604 454 -8.3569
453 455 -30.6656
455 455 36.2046
457 455 -5.38828
454 456 -30.6656
456 456 36.2046
458 456 -5.38828
339 457 -24.3273
343 457 4.79923
453 457 -14.4064
455 457 -5.38828
457 457 54.6105
459 457 -12.566
340 458 -24.3273
344 458 4.79923
454 458 -14.4064
456 458 -5.38828
458 458 54.6105
460 458 -12.566
337 459 -51.3228
339 459 4.44009
457 459 -12.566
459 459 68.9147
461 459 -6.50073
338 460 -51.3228
340 460 4.44009
458 460 -12.566
460 460 68.9147
462 460 -6.50073
335 461 -31.3733
337 461 -19.4265
459 461 -6.50073
461 461 65.6102
463 461 -6.72935
336 462 -31.3733
338 462 -19.4265
460 462 -6.50073
462 462 65.6102
464 462 -6.72935
335 463 -35.0277
461 463 -6.72935
463 463 92.8586
465 463 -40.2773
659 463 -9.96239
336 464 -35.0277
462 464 -6.72935
464 464 92.8586
466 464 -40.2773
660 464 -9.96239
463 465 -40.2773
465 465 86.7463
467 465 -5.05638
469 465 -29.7245
589 465 -2.95527
659 465 -5.21139
663 465 -0.65428
464 466 -40.2773
466 466 86.7463
468 466 -5.05638
470 466 -29.7245
590 466 -2.95527
660 466 -5.21139
664 466 -0.65428
465 467 -5.05638
467 467 24.4544
469 467 -19.2936
466 468 -5.05638
468 468 24.4544
470 468 -19.2936
465 469 -29.7245
467 469 -19.2936
469 469 83.8853
663 469 3.63088
689 469 -1.63916
719 469 -35.0734
466 470 -29.7245
468 470 -19.2936
470 470 83.8853
664 470 3.63088
690 470 -1.63916
720 470 -35.0734
471 471 37.9871
473 471 -7.78451
689 471 -1.73871
721 471 -9.95403
723 471 -16.9739
472 472 37.9871
474 472 -7.78451
690 472 -1.73871
722 472 -9.95403
724 472 -16.9739
471 473 -7.78451
473 473 58.6011
475 473 -7.77758
477 473 -33.9064
601 473 3.57479
723 473 -11.0989
472 474 -7.78451
474 474 58.6011
476 474 -7.77758
478 474 -33.9064
602 474 3.57479
724 474 -11.0989
473 475 -7.77758
475 475 33.5381
477 475 -25.7222
474 476 -7.77758
476 476 33.5381
478 476 -25.7222
473 477 -33.9064
475 477 -25.7222
477 477 94.9855
479 477 -15.813
601 477 -9.79664
653 477 -7.22004
474 478 -33.9064
476 478 -25.7222
478 478 94.9855
480 478 -15.813
602 478 -9.79664
654 478 -7.22004
477 479 -15.813
479 479 49.9261
481 479 -25.8267
653 479 -6.75411
478 480 -15.813
480 480 49.9261
482 480 -25.8267
654 480 -6.75411
479 481 -25.8267
481 481 102.613
495 481 -55.4613
519 481 -1.17215
579 481 6.77218
605 481 -13.752
653 481 -8.82007
480 482 -25.8267
482 482 102.613
496 482 -55.4613
520 482 -1.17215
580 482 6.77218
606 482 -13.752
654 482 -8.82007
483 483 67.8124
485 483 7.46561
491 483 -21.3769
493 483 -59.5462
579 483 5.92049
484 484 67.8124
486 484 7.46561
492 484 -21.3769
494 484 -59.5462
580 484 5.92049
483 485 7.46561
485 485 55.055
487 485 0.17322
489 485 -12.4392
491 485 -50.0576
484 486 7.46561
486 486 55.055
488 486 0.17322
490 486 -12.4392
492 486 -50.0576
485 487 0.17322
487 487 25.138
489 487 -25.2755
486 488 0.17322
488 488 25.138
490 488 -25.2755
485 489 -12.4392
487 489 -25.2755
489 489 37.8101
491 489 0.00694079
486 490 -12.4392
488 490 -25.2755
490 490 37.8101
492 490 0.00694079
483 491 -21.3769
485 491 -50.0576
489 491 0.00694079
491 491 67.9442
493 491 3.74823
484 492 -21.3769
486 492 -50.0576
490 492 0.00694079
492 492 67.9442
494 492 3.74823
483 493 -59.5462
491 493 3.74823
493 493 76.7272
495 493 8.072
579 493 -28.7314
484 494 -59.5462
492 494 3.74823
494 494 76.7272
496 494 8.072
580 494 -28.7314
481 495 -55.4613
493 495 8.072
495 495 109.424
497 495 -1.74969
579 495 -51.0572
605 495 -6.8352
482 496 -55.4613
494 496 8.072
496 496 109.424
498 496 -1.74969
580 496 -51.0572
606 496 -6.8352
495 497 -1.74969
497 497 55.6196
499 497 -20.9253
545 497 -7.0467
605 497 -20.369
496 498 -1.74969
498 498 55.6196
500 498 -20.9253
546 498 -7.0467
606 498 -20.369
497 499 -20.9253
499 499 56.5648
501 499 -7.57551
545 499 1.65405
609 499 -23.9757
498 500 -20.9253
500 500 56.5648
502 500 -7.57551
546 500 1.65405
610 500 -23.9757
499 501 -7.57551
501 501 20.0998
503 501 -5.21452
609 501 -3.41158
500 502 -7.57551
502 502 20.0998
504 502 -5.21452
610 502 -3.41158
7 503 -30.6505
501 503 -5.21452
503 503 53.0419
531 503 10.3376
609 503 -20.9196
615 503 -2.46249
8 504 -30.6505
502 504 -5.21452
504 504 53.0419
532 504 10.3376
610 504 -20.9196
616 504 -2.46249
283 505 -26.338
505 505 77.5154
517 505 -29.1805
555 505 -11.3662
557 505 -9.87902
649 505 -0.0989372
284 506 -26.338
506 506 77.5154
